0.057736065269567934
0.0492645227106018
0.047111347426917166
0.048947087535336116
0.04605951127134564
0.046685928063103455
0.04710601289949119
0.04682052019030972
0.04517820786874148
0.04688286685059792
0.04600454753939113
0.042735508846919096
0.04671704167054447
0.0455548876357772
0.04457686719770978
0.04451445976429523
0.043976868343560065
0.04383505926452047
0.04600816595620334
0.045738488185657546
0.044522886669879316
0.04601620252604751
0.04412395533032185
0.044099664683239635
0.04499730598659596
0.04354987357005014
0.04360342969701122
0.04284108081215359
0.04222149612764465
0.04073227990296589
0.04108765052221019
0.04152683403312747
0.04115268988972767
0.04180172068545031
0.04201376580002867
0.04084079901595314
0.040621181279819986
0.040139559062678444
0.040617882669007246
0.04103622080745333
0.041899228316529535
0.041536016003252636
0.042516048531781835
0.04218192138055907
0.04203684822878771
0.04252817592824248
0.04173829325493654
0.042285223981355056
0.04303079562561842
0.043886049676157585
0.042122211601294764
0.042222496033632095
0.04134843529829146
0.04288397318750317
0.04190165231144772
0.04346427281243751
0.043370484802000474
0.043000683318046636
0.04353038617285925
0.04422117575914459
0.04354938237312362
0.04389255071667503
0.0435899492574817
