1.088451865764773707e+00
1.125771574401390307e+00
1.239721828221091560e+00
1.153016607008337191e+00
1.159201916543500799e+00
1.153718225990266966e+00
1.138746418495831358e+00
1.246677403980100074e+00
1.238113331469277600e+00
1.205134912732219288e+00
1.209341580000171001e+00
1.247209951812406459e+00
1.228392817503450862e+00
1.268898451011275519e+00
1.294534746598948294e+00
1.297777952184827166e+00
1.278307147638719776e+00
1.424800869019022365e+00
1.373575063426264009e+00
1.406388346398287359e+00
1.431060377278192242e+00
1.521066626022986812e+00
1.575243479804798064e+00
1.571181129398722121e+00
1.632361651390706436e+00
1.606330854575595213e+00
1.577475446558184835e+00
1.634359736603761215e+00
1.646642203582844965e+00
1.648851833367016573e+00
1.688616993483649020e+00
1.702328147009448456e+00
1.691586636630296736e+00
1.705510034497919047e+00
1.706698011969605355e+00
1.712828187604385377e+00
1.718325912313425796e+00
1.710018468270846137e+00
1.760038201404051872e+00
1.726089224257020938e+00
1.718039509249720709e+00
1.720956949307288708e+00
1.724221304408430244e+00
1.739371337338132095e+00
1.729733679430794480e+00
1.787955868833925210e+00
1.744094330659896386e+00
1.759932670134943811e+00
1.759605855904950555e+00
1.757262150010473256e+00
1.809533648388500504e+00
1.767216414353752540e+00
1.768053794880058982e+00
1.769109005685093994e+00
1.781465133844666315e+00
1.772021662846256840e+00
1.777893731120201215e+00
1.781816500046081719e+00
1.791631884374675243e+00
1.811284839061334972e+00
1.806590565880043853e+00
1.798209233900306625e+00
1.790614957379506489e+00
1.800331026192554251e+00
1.798726662371449736e+00
1.789258751329341424e+00
1.787253442327958464e+00
1.798292365223211897e+00
1.817821640315101295e+00
1.804207961793088399e+00
1.795111425698510343e+00
1.815678693521653342e+00
1.831349495557859974e+00
1.809246243359001083e+00
1.793424255479315832e+00
1.786735418736637993e+00
1.821701568939842808e+00
1.790578698312580208e+00
1.831130857167569070e+00
1.831906309492671081e+00
1.799554136333621601e+00
1.807290187431969786e+00
1.804740716400473621e+00
1.833249016526221631e+00
1.815456654013538396e+00
1.787640733261523396e+00
1.824129490295434808e+00
1.807671971184507953e+00
1.810462183587873142e+00
1.799982088272403802e+00
1.819113563380482690e+00
1.823327630547792344e+00
1.832168307277908914e+00
1.807980878094910482e+00
1.823466344172189446e+00
1.819641835328446922e+00
1.787984683749547665e+00
1.834817808608748768e+00
1.794588529819397538e+00
1.803188827476736034e+00
