0.061222356189038214
0.04825929143608931
0.045852326538999615
0.05040632328046428
0.04844238066399079
0.049622308635816036
0.04775239640760554
0.04595055759303956
0.04473386860439287
0.04466520825992785
0.042895150481850976
0.0424992056204059
0.04255099115904162
0.04192608543189019
0.042043349479449814
0.04120618267164362
0.041705760080192805
0.042340067115113164
0.0426569667684551
0.04165675779074973
0.04092349771999039
0.04189416706336705
0.04034636706908959
0.041762196889370155
0.040923736286140176
0.043011551698267904
0.04341771068433408
0.04236369541186715
0.041908273776855735
0.04223998745717212
0.04165167282389858
0.04115767041874339
0.041254054367477005
