1.432694493168588
1.515732780131555
1.5001973847797465
1.558052598577296
1.6226051966185653
1.6580514450001769
1.7206852152174397
1.7750271762922443
1.7695004000998522
1.8152819071591932
1.8096517188171595
1.8050368746015575
1.8418541566287954
1.8177333395899296
1.8217677455912236
1.8748268573433886
1.8022091178877324
1.8573379958467582
1.8566271478531395
1.8387666168140346
1.863161340555476
1.8632419619001774
1.8528308871669723
1.8555497705421125
1.8469663450689828
1.8655806466858844
1.8537975803055815
1.8497141673304403
1.870793889355481
1.8983764588350358
1.905277511190507
1.9031497754518136
1.8917122030924667
1.8468808559718468
1.840414908322014
1.8622252045708556
1.8134962712714455
1.8094860100982866
1.730582012728033
1.7835185665123776
1.7985337315894971
1.8243054002445487
1.7833682727668616
1.805287655687623
1.7914495238010197
1.797151790805574
1.796195252811781
1.746001148109394
1.7578981682894794
1.7287078489117396
1.7403817128049952
1.7094813906637019
1.6973203898749747
1.7113945734982208
1.7299149697414966
1.6310656444841027
